<?xml version="1.0" encoding="utf-8"?><svg xmlns="http://www.w3.org/2000/svg" xmlns:xlink="http://www.w3.org/1999/xlink" width="980" height="1179" preserveAspectRatio="xMidYMid" viewBox="0 0 980 1179" style="z-index:1;margin-right:-2px;display:block;animation-play-state:paused" ><g transform="translate(490,589.5) scale(1,1) translate(-490,-589.5)" style="transform:matrix(1, 0, 0, 1, 0, 0);animation-play-state:paused" ><style type="text/css" style="animation-play-state:paused" >@keyframes ld-fall {
    0%    { transform: translate(0,0px) rotate3d(1,1,1,0deg); }
    16.6% { transform: translate(0,198.5px) rotate3d(1,1,1,180deg); }
    33.3% { transform: translate(0,397px) rotate3d(1,1,1,360deg); }
    50.0% { transform: translate(0,595.5px) rotate3d(1,1,1,540deg); }
    66.6% { transform: translate(0,794px) rotate3d(1,1,1,720deg); }
    83.3% { transform: translate(0,992.5px) rotate3d(1,1,1,900deg); }
    100%  { transform: translate(0,1191px) rotate3d(1,1,1,1080deg) ; }
  }
  .ld.ld-fall {
    animation: ld-fall 4s linear infinite;
  }
  .ld.ld-fall2 {
    animation: ld-fall 4s linear infinite;
    animation-fill-mode: forwards;
  }</style>

  
<g transform="translate(0 674.4005998105646)" style="transform:matrix(1, 0, 0, 1, 0, 674.401);animation-play-state:paused" ><g transform="translate(59.3219219704353 0)" style="transform:matrix(1, 0, 0, 1, 59.3219, 0);animation-play-state:paused" ><g class="ld ld-fall2" style="transform:matrix3d(-0.122066, 0.139379, 0.982687, 0, 0.982687, -0.122066, 0.139379, 0, 0.139379, 0.982687, -0.122066, 0, 0, 250.235, 0, 1);animation-play-state:paused;animation-duration:2s;animation-delay:-0.419051s" ><rect x="-3.905705386601082" y="-5.042350860932191" width="7.811410773202164" height="10.084701721864382" fill="#4355db" style="transform:matrix(3.18073, 0, 0, 3.18073, 0, 0);animation-play-state:paused" ></rect></g></g>
<g transform="translate(375.9444220502276 0)" style="transform:matrix(1, 0, 0, 1, 375.944, 0);animation-play-state:paused" ><g class="ld ld-fall2" style="transform:matrix3d(0.890021, 0.372648, -0.26267, 0, -0.26267, 0.890021, 0.372648, 0, 0.372648, -0.26267, 0.890021, 0, 0, 830.812, 0, 1);animation-play-state:paused;animation-duration:4s;animation-delay:-2.78788s" ><rect x="-4.6833476319421585" y="-3.464885040503362" width="9.366695263884317" height="6.929770081006724" fill="#f7d038" style="transform:matrix(3.13822, 0, 0, 3.13822, 0, 0);animation-play-state:paused" ></rect></g></g>
<g transform="translate(758.6620000208296 0)" style="transform:matrix(1, 0, 0, 1, 758.662, 0);animation-play-state:paused" ><g class="ld ld-fall2" style="transform:matrix3d(0.570508, 0.754324, -0.324832, 0, -0.324832, 0.570508, 0.754324, 0, 0.754324, -0.324832, 0.570508, 0, 0, 870.268, 0, 1);animation-play-state:paused;animation-duration:2s;animation-delay:-1.46033s" ><rect x="-3.7180511728381878" y="-3.0859379715843005" width="7.4361023456763755" height="6.171875943168601" fill="#f7d038" style="transform:matrix(3.49497, 0, 0, 3.49497, 0, 0);animation-play-state:paused" ></rect></g></g>
<g transform="translate(588.6572147817068 0)" style="transform:matrix(1, 0, 0, 1, 588.657, 0);animation-play-state:paused" ><g class="ld ld-fall2" style="transform:matrix3d(0.694402, 0.63814, -0.332542, 0, -0.332542, 0.694402, 0.63814, 0, 0.63814, -0.332542, 0.694402, 0, 0, 63.0868, 0, 1);animation-play-state:paused;animation-duration:4s;animation-delay:-0.211031s" ><rect x="-3.7605505865893534" y="-4.180942562264435" width="7.521101173178707" height="8.36188512452887" fill="#d23be7" style="transform:matrix(1.86591, 0, 0, 1.86591, 0, 0);animation-play-state:paused" ></rect></g></g>
<g transform="translate(755.0948770268101 0)" style="transform:matrix(1, 0, 0, 1, 755.095, 0);animation-play-state:paused" ><g class="ld ld-fall2" style="transform:matrix3d(-0.215248, 0.93569, 0.279558, 0, 0.279558, -0.215248, 0.93569, 0, 0.93569, 0.279558, -0.215248, 0, 0, 160.314, 0, 1);animation-play-state:paused;animation-duration:4s;animation-delay:-0.536266s" ><rect x="-4.3545864687198" y="-3.727782559622667" width="8.7091729374396" height="7.455565119245334" fill="#f7d038" style="transform:matrix(2.40831, 0, 0, 2.40831, 0, 0);animation-play-state:paused" ></rect></g></g>
<g transform="translate(218.32923459491886 0)" style="transform:matrix(1, 0, 0, 1, 218.329, 0);animation-play-state:paused" ><g class="ld ld-fall2" style="transform:matrix3d(-0.279815, 0.413259, 0.866557, 0, 0.866557, -0.279815, 0.413259, 0, 0.413259, 0.866557, -0.279815, 0, 0, 1017.99, 0, 1);animation-play-state:paused;animation-duration:4s;animation-delay:-3.41778s" ><rect x="-4.466831499189531" y="-4.75191550891787" width="8.933662998379061" height="9.50383101783574" fill="#e6261f" style="transform:matrix(2.02906, 0, 0, 2.02906, 0, 0);animation-play-state:paused" ></rect></g></g>
<g transform="translate(16.03690470338303 0)" style="transform:matrix(1, 0, 0, 1, 16.0369, 0);animation-play-state:paused" ><g class="ld ld-fall2" style="transform:matrix3d(0.0814298, 0.993833, -0.0752631, 0, -0.0752631, 0.0814298, 0.993833, 0, 0.993833, -0.0752631, 0.0814298, 0, 0, 917.733, 0, 1);animation-play-state:paused;animation-duration:4s;animation-delay:-3.08039s" ><rect x="-4.247745914282911" y="-5.331277248427846" width="8.495491828565822" height="10.662554496855693" fill="#f7d038" style="transform:matrix(3.18163, 0, 0, 3.18163, 0, 0);animation-play-state:paused" ></rect></g></g>
<g transform="translate(237.01064041162851 0)" style="transform:matrix(1, 0, 0, 1, 237.011, 0);animation-play-state:paused" ><g class="ld ld-fall2" style="transform:matrix3d(-0.12052, 0.137358, 0.983162, 0, 0.983162, -0.12052, 0.137358, 0, 0.137358, 0.983162, -0.12052, 0, 0, 250.436, 0, 1);animation-play-state:paused;animation-duration:2s;animation-delay:-0.419388s" ><rect x="-5.7299862470543905" y="-3.6211128980955056" width="11.459972494108781" height="7.242225796191011" fill="#f7d038" style="transform:matrix(3.133, 0, 0, 3.133, 0, 0);animation-play-state:paused" ></rect></g></g>
<g transform="translate(729.6851329783934 0)" style="transform:matrix(1, 0, 0, 1, 729.685, 0);animation-play-state:paused" ><g class="ld ld-fall2" style="transform:matrix3d(0.978302, 0.156948, -0.13525, 0, -0.13525, 0.978302, 0.156948, 0, 0.156948, -0.13525, 0.978302, 0, 0, 413.165, 0, 1);animation-play-state:paused;animation-duration:2s;animation-delay:-0.693199s" ><rect x="-4.449029995506242" y="-4.086484408309314" width="8.898059991012484" height="8.172968816618628" fill="#34bbe6" style="transform:matrix(2.64319, 0, 0, 2.64319, 0, 0);animation-play-state:paused" ></rect></g></g>
<g transform="translate(968.7032749789631 0)" style="transform:matrix(1, 0, 0, 1, 968.703, 0);animation-play-state:paused" ><g class="ld ld-fall2" style="transform:matrix3d(0.926212, 0.30091, -0.227122, 0, -0.227122, 0.926212, 0.30091, 0, 0.30091, -0.227122, 0.926212, 0, 0, 427.009, 0, 1);animation-play-state:paused;animation-duration:2s;animation-delay:-0.716494s" ><rect x="-3.345596723682055" y="-3.4635796956628697" width="6.69119344736411" height="6.927159391325739" fill="#4355db" style="transform:matrix(2.19785, 0, 0, 2.19785, 0, 0);animation-play-state:paused" ></rect></g></g>
<g transform="translate(579.9086065485512 0)" style="transform:matrix(1, 0, 0, 1, 579.909, 0);animation-play-state:paused" ><g class="ld ld-fall2" style="transform:matrix3d(0.578575, 0.747579, -0.326154, 0, -0.326154, 0.578575, 0.747579, 0, 0.747579, -0.326154, 0.578575, 0, 0, 472.448, 0, 1);animation-play-state:paused;animation-duration:2s;animation-delay:-0.79295s" ><rect x="-5.500747025670169" y="-3.680851031097109" width="11.001494051340337" height="7.361702062194218" fill="#eb7532" style="transform:matrix(2.27078, 0, 0, 2.27078, 0, 0);animation-play-state:paused" ></rect></g></g>
<g transform="translate(943.0458635707736 0)" style="transform:matrix(1, 0, 0, 1, 943.046, 0);animation-play-state:paused" ><g class="ld ld-fall2" style="transform:matrix3d(-0.0375188, 0.0389835, 0.998535, 0, 0.998535, -0.0375188, 0.0389835, 0, 0.0389835, 0.998535, -0.0375188, 0, 0, 657.477, 0, 1);animation-play-state:paused;animation-duration:4s;animation-delay:-2.20732s" ><rect x="-5.779865156744526" y="-4.418683785538924" width="11.559730313489052" height="8.837367571077849" fill="#d23be7" style="transform:matrix(1.85291, 0, 0, 1.85291, 0, 0);animation-play-state:paused" ></rect></g></g>
<g transform="translate(423.72313288998686 0)" style="transform:matrix(1, 0, 0, 1, 423.723, 0);animation-play-state:paused" ><g class="ld ld-fall2" style="transform:matrix3d(0.111525, 0.988695, -0.10022, 0, -0.10022, 0.111525, 0.988695, 0, 0.988695, -0.10022, 0.111525, 0, 0, 914.681, 0, 1);animation-play-state:paused;animation-duration:4s;animation-delay:-3.07012s" ><rect x="-3.3910702492968485" y="-5.566607802578435" width="6.782140498593697" height="11.13321560515687" fill="#f7d038" style="transform:matrix(3.25483, 0, 0, 3.25483, 0, 0);animation-play-state:paused" ></rect></g></g>
<g transform="translate(621.823716540882 0)" style="transform:matrix(1, 0, 0, 1, 621.824, 0);animation-play-state:paused" ><g class="ld ld-fall2" style="transform:matrix3d(-0.115991, 0.131481, 0.984509, 0, 0.984509, -0.115991, 0.131481, 0, 0.131481, 0.984509, -0.115991, 0, 0, 1045.02, 0, 1);animation-play-state:paused;animation-duration:4s;animation-delay:-3.50874s" ><rect x="-3.540113844488425" y="-5.048753548412768" width="7.08022768897685" height="10.097507096825536" fill="#34bbe6" style="transform:matrix(1.53509, 0, 0, 1.53509, 0, 0);animation-play-state:paused" ></rect></g></g>
<g transform="translate(879.4478913006885 0)" style="transform:matrix(1, 0, 0, 1, 879.448, 0);animation-play-state:paused" ><g class="ld ld-fall2" style="transform:matrix3d(0.992689, 0.0889279, -0.0816164, 0, -0.0816164, 0.992689, 0.0889279, 0, 0.0889279, -0.0816164, 0.992689, 0, 0, 803.366, 0, 1);animation-play-state:paused;animation-duration:4s;animation-delay:-2.69552s" ><rect x="-3.984294205750228" y="-3.590081161059146" width="7.968588411500456" height="7.180162322118292" fill="#34bbe6" style="transform:matrix(2.32563, 0, 0, 2.32563, 0, 0);animation-play-state:paused" ></rect></g></g>
<g transform="translate(280.94725673284773 0)" style="transform:matrix(1, 0, 0, 1, 280.947, 0);animation-play-state:paused" ><g class="ld ld-fall2" style="transform:matrix3d(-0.240383, 0.326133, 0.91425, 0, 0.91425, -0.240383, 0.326133, 0, 0.326133, 0.91425, -0.240383, 0, 0, 232.266, 0, 1);animation-play-state:paused;animation-duration:2s;animation-delay:-0.388815s" ><rect x="-3.9572219318867843" y="-3.8192912449258754" width="7.914443863773569" height="7.638582489851751" fill="#4355db" style="transform:matrix(1.5501, 0, 0, 1.5501, 0, 0);animation-play-state:paused" ></rect></g></g>
<g transform="translate(877.2195419231566 0)" style="transform:matrix(1, 0, 0, 1, 877.22, 0);animation-play-state:paused" ><g class="ld ld-fall2" style="transform:matrix3d(0.699338, 0.632891, -0.332229, 0, -0.332229, 0.699338, 0.632891, 0, 0.632891, -0.332229, 0.699338, 0, 0, 459.529, 0, 1);animation-play-state:paused;animation-duration:2s;animation-delay:-0.771212s" ><rect x="-3.6283183442616034" y="-4.443912921246904" width="7.256636688523207" height="8.887825842493807" fill="#e6261f" style="transform:matrix(1.62959, 0, 0, 1.62959, 0, 0);animation-play-state:paused" ></rect></g></g>
<g transform="translate(102.4981979150352 0)" style="transform:matrix(1, 0, 0, 1, 102.498, 0);animation-play-state:paused" ><g class="ld ld-fall2" style="transform:matrix3d(-0.28289, 0.861751, 0.421139, 0, 0.421139, -0.28289, 0.861751, 0, 0.861751, 0.421139, -0.28289, 0, 0, 173.763, 0, 1);animation-play-state:paused;animation-duration:2s;animation-delay:-0.290626s" ><rect x="-5.925675950760336" y="-4.358120285732147" width="11.851351901520673" height="8.716240571464294" fill="#34bbe6" style="transform:matrix(2.07664, 0, 0, 2.07664, 0, 0);animation-play-state:paused" ></rect></g></g>
<g transform="translate(174.5635332732864 0)" style="transform:matrix(1, 0, 0, 1, 174.564, 0);animation-play-state:paused" ><g class="ld ld-fall2" style="transform:matrix3d(-0.32099, 0.771079, 0.549911, 0, 0.549911, -0.32099, 0.771079, 0, 0.771079, 0.549911, -0.32099, 0, 0, 980.323, 0, 1);animation-play-state:paused;animation-duration:2s;animation-delay:-1.64551s" ><rect x="-4.738421945505886" y="-3.931546198301141" width="9.476843891011772" height="7.863092396602282" fill="#f7d038" style="transform:matrix(2.5541, 0, 0, 2.5541, 0, 0);animation-play-state:paused" ></rect></g></g>
<g transform="translate(171.74033680008185 0)" style="transform:matrix(1, 0, 0, 1, 171.74, 0);animation-play-state:paused" ><g class="ld ld-fall2" style="transform:matrix3d(0.143429, 0.981716, -0.125145, 0, -0.125145, 0.143429, 0.981716, 0, 0.981716, -0.125145, 0.143429, 0, 0, 911.501, 0, 1);animation-play-state:paused;animation-duration:4s;animation-delay:-3.05942s" ><rect x="-5.873605199230677" y="-5.227696325557182" width="11.747210398461354" height="10.455392651114364" fill="#34bbe6" style="transform:matrix(2.10439, 0, 0, 2.10439, 0, 0);animation-play-state:paused" ></rect></g></g>
<g transform="translate(0.03147750196557997 0)" style="transform:matrix(1, 0, 0, 1, 0.0314775, 0);animation-play-state:paused" ><g class="ld ld-fall2" style="transform:matrix3d(0.143369, 0.981731, -0.125099, 0, -0.125099, 0.143369, 0.981731, 0, 0.981731, -0.125099, 0.143369, 0, 0, 911.507, 0, 1);animation-play-state:paused;animation-duration:2s;animation-delay:-1.52972s" ><rect x="-3.2512019812263313" y="-3.416966276672229" width="6.502403962452663" height="6.833932553344458" fill="#f7d038" style="transform:matrix(3.15566, 0, 0, 3.15566, 0, 0);animation-play-state:paused" ></rect></g></g>
<g transform="translate(659.046747777758 0)" style="transform:matrix(1, 0, 0, 1, 659.047, 0);animation-play-state:paused" ><g class="ld ld-fall2" style="transform:matrix3d(0.286164, 0.932821, -0.218985, 0, -0.218985, 0.286164, 0.932821, 0, 0.932821, -0.218985, 0.286164, 0, 0, 103.724, 0, 1);animation-play-state:paused;animation-duration:4s;animation-delay:-0.346967s" ><rect x="-5.145480213443925" y="-4.731315684278164" width="10.29096042688785" height="9.462631368556329" fill="#a3e048" style="transform:matrix(1.65405, 0, 0, 1.65405, 0, 0);animation-play-state:paused" ></rect></g></g>
<g transform="translate(242.63319680354314 0)" style="transform:matrix(1, 0, 0, 1, 242.633, 0);animation-play-state:paused" ><g class="ld ld-fall2" style="transform:matrix3d(0.938644, 0.272613, -0.211257, 0, -0.211257, 0.938644, 0.272613, 0, 0.272613, -0.211257, 0.938644, 0, 0, 821.32, 0, 1);animation-play-state:paused;animation-duration:2s;animation-delay:-1.37797s" ><rect x="-3.6157012615242166" y="-3.3172391890206594" width="7.231402523048433" height="6.634478378041319" fill="#34bbe6" style="transform:matrix(3.02127, 0, 0, 3.02127, 0, 0);animation-play-state:paused" ></rect></g></g>
<g transform="translate(879.2768952341073 0)" style="transform:matrix(1, 0, 0, 1, 879.277, 0);animation-play-state:paused" ><g class="ld ld-fall2" style="transform:matrix3d(-0.307558, 0.49479, 0.812767, 0, 0.812767, -0.307558, 0.49479, 0, 0.49479, 0.812767, -0.307558, 0, 0, 1010.13, 0, 1);animation-play-state:paused;animation-duration:2s;animation-delay:-1.69566s" ><rect x="-5.1783453189919335" y="-5.072250696640121" width="10.356690637983867" height="10.144501393280242" fill="#4355db" style="transform:matrix(2.12544, 0, 0, 2.12544, 0, 0);animation-play-state:paused" ></rect></g></g>
<g transform="translate(784.6944528728088 0)" style="transform:matrix(1, 0, 0, 1, 784.694, 0);animation-play-state:paused" ><g class="ld ld-fall2" style="transform:matrix3d(0.181165, 0.971527, -0.152692, 0, -0.152692, 0.181165, 0.971527, 0, 0.971527, -0.152692, 0.181165, 0, 0, 113.8, 0, 1);animation-play-state:paused;animation-duration:2s;animation-delay:-0.190336s" ><rect x="-5.855945322802816" y="-4.223442199396374" width="11.711890645605632" height="8.446884398792749" fill="#a3e048" style="transform:matrix(2.03192, 0, 0, 2.03192, 0, 0);animation-play-state:paused" ></rect></g></g></g>

  
<g transform="translate(0 -516.5994001894354)" style="transform:matrix(1, 0, 0, 1, 0, -516.599);animation-play-state:paused" ><g transform="translate(59.3219219704353 0)" style="transform:matrix(1, 0, 0, 1, 59.3219, 0);animation-play-state:paused" ><g class="ld ld-fall" style="transform:matrix3d(-0.122066, 0.139379, 0.982687, 0, 0.982687, -0.122066, 0.139379, 0, 0.139379, 0.982687, -0.122066, 0, 0, 250.235, 0, 1);animation-play-state:paused;animation-duration:2s;animation-delay:-0.419051s" ><rect x="-3.905705386601082" y="-5.042350860932191" width="7.811410773202164" height="10.084701721864382" fill="#4355db" style="transform:matrix(3.18073, 0, 0, 3.18073, 0, 0);animation-play-state:paused" ></rect></g></g>
<g transform="translate(375.9444220502276 0)" style="transform:matrix(1, 0, 0, 1, 375.944, 0);animation-play-state:paused" ><g class="ld ld-fall" style="transform:matrix3d(0.890021, 0.372648, -0.26267, 0, -0.26267, 0.890021, 0.372648, 0, 0.372648, -0.26267, 0.890021, 0, 0, 830.812, 0, 1);animation-play-state:paused;animation-duration:4s;animation-delay:-2.78788s" ><rect x="-4.6833476319421585" y="-3.464885040503362" width="9.366695263884317" height="6.929770081006724" fill="#f7d038" style="transform:matrix(3.13822, 0, 0, 3.13822, 0, 0);animation-play-state:paused" ></rect></g></g>
<g transform="translate(758.6620000208296 0)" style="transform:matrix(1, 0, 0, 1, 758.662, 0);animation-play-state:paused" ><g class="ld ld-fall" style="transform:matrix3d(0.570508, 0.754324, -0.324832, 0, -0.324832, 0.570508, 0.754324, 0, 0.754324, -0.324832, 0.570508, 0, 0, 870.268, 0, 1);animation-play-state:paused;animation-duration:2s;animation-delay:-1.46033s" ><rect x="-3.7180511728381878" y="-3.0859379715843005" width="7.4361023456763755" height="6.171875943168601" fill="#f7d038" style="transform:matrix(3.49497, 0, 0, 3.49497, 0, 0);animation-play-state:paused" ></rect></g></g>
<g transform="translate(588.6572147817068 0)" style="transform:matrix(1, 0, 0, 1, 588.657, 0);animation-play-state:paused" ><g class="ld ld-fall" style="transform:matrix3d(0.694402, 0.63814, -0.332542, 0, -0.332542, 0.694402, 0.63814, 0, 0.63814, -0.332542, 0.694402, 0, 0, 63.0868, 0, 1);animation-play-state:paused;animation-duration:4s;animation-delay:-0.211031s" ><rect x="-3.7605505865893534" y="-4.180942562264435" width="7.521101173178707" height="8.36188512452887" fill="#d23be7" style="transform:matrix(1.86591, 0, 0, 1.86591, 0, 0);animation-play-state:paused" ></rect></g></g>
<g transform="translate(755.0948770268101 0)" style="transform:matrix(1, 0, 0, 1, 755.095, 0);animation-play-state:paused" ><g class="ld ld-fall" style="transform:matrix3d(-0.215248, 0.93569, 0.279558, 0, 0.279558, -0.215248, 0.93569, 0, 0.93569, 0.279558, -0.215248, 0, 0, 160.314, 0, 1);animation-play-state:paused;animation-duration:4s;animation-delay:-0.536266s" ><rect x="-4.3545864687198" y="-3.727782559622667" width="8.7091729374396" height="7.455565119245334" fill="#f7d038" style="transform:matrix(2.40831, 0, 0, 2.40831, 0, 0);animation-play-state:paused" ></rect></g></g>
<g transform="translate(218.32923459491886 0)" style="transform:matrix(1, 0, 0, 1, 218.329, 0);animation-play-state:paused" ><g class="ld ld-fall" style="transform:matrix3d(-0.279815, 0.413259, 0.866557, 0, 0.866557, -0.279815, 0.413259, 0, 0.413259, 0.866557, -0.279815, 0, 0, 1017.99, 0, 1);animation-play-state:paused;animation-duration:4s;animation-delay:-3.41778s" ><rect x="-4.466831499189531" y="-4.75191550891787" width="8.933662998379061" height="9.50383101783574" fill="#e6261f" style="transform:matrix(2.02906, 0, 0, 2.02906, 0, 0);animation-play-state:paused" ></rect></g></g>
<g transform="translate(16.03690470338303 0)" style="transform:matrix(1, 0, 0, 1, 16.0369, 0);animation-play-state:paused" ><g class="ld ld-fall" style="transform:matrix3d(0.0814298, 0.993833, -0.0752631, 0, -0.0752631, 0.0814298, 0.993833, 0, 0.993833, -0.0752631, 0.0814298, 0, 0, 917.733, 0, 1);animation-play-state:paused;animation-duration:4s;animation-delay:-3.08039s" ><rect x="-4.247745914282911" y="-5.331277248427846" width="8.495491828565822" height="10.662554496855693" fill="#f7d038" style="transform:matrix(3.18163, 0, 0, 3.18163, 0, 0);animation-play-state:paused" ></rect></g></g>
<g transform="translate(237.01064041162851 0)" style="transform:matrix(1, 0, 0, 1, 237.011, 0);animation-play-state:paused" ><g class="ld ld-fall" style="transform:matrix3d(-0.12052, 0.137358, 0.983162, 0, 0.983162, -0.12052, 0.137358, 0, 0.137358, 0.983162, -0.12052, 0, 0, 250.436, 0, 1);animation-play-state:paused;animation-duration:2s;animation-delay:-0.419388s" ><rect x="-5.7299862470543905" y="-3.6211128980955056" width="11.459972494108781" height="7.242225796191011" fill="#f7d038" style="transform:matrix(3.133, 0, 0, 3.133, 0, 0);animation-play-state:paused" ></rect></g></g>
<g transform="translate(729.6851329783934 0)" style="transform:matrix(1, 0, 0, 1, 729.685, 0);animation-play-state:paused" ><g class="ld ld-fall" style="transform:matrix3d(0.978302, 0.156948, -0.13525, 0, -0.13525, 0.978302, 0.156948, 0, 0.156948, -0.13525, 0.978302, 0, 0, 413.165, 0, 1);animation-play-state:paused;animation-duration:2s;animation-delay:-0.693199s" ><rect x="-4.449029995506242" y="-4.086484408309314" width="8.898059991012484" height="8.172968816618628" fill="#34bbe6" style="transform:matrix(2.64319, 0, 0, 2.64319, 0, 0);animation-play-state:paused" ></rect></g></g>
<g transform="translate(968.7032749789631 0)" style="transform:matrix(1, 0, 0, 1, 968.703, 0);animation-play-state:paused" ><g class="ld ld-fall" style="transform:matrix3d(0.926212, 0.30091, -0.227122, 0, -0.227122, 0.926212, 0.30091, 0, 0.30091, -0.227122, 0.926212, 0, 0, 427.009, 0, 1);animation-play-state:paused;animation-duration:2s;animation-delay:-0.716494s" ><rect x="-3.345596723682055" y="-3.4635796956628697" width="6.69119344736411" height="6.927159391325739" fill="#4355db" style="transform:matrix(2.19785, 0, 0, 2.19785, 0, 0);animation-play-state:paused" ></rect></g></g>
<g transform="translate(579.9086065485512 0)" style="transform:matrix(1, 0, 0, 1, 579.909, 0);animation-play-state:paused" ><g class="ld ld-fall" style="transform:matrix3d(0.578575, 0.747579, -0.326154, 0, -0.326154, 0.578575, 0.747579, 0, 0.747579, -0.326154, 0.578575, 0, 0, 472.448, 0, 1);animation-play-state:paused;animation-duration:2s;animation-delay:-0.79295s" ><rect x="-5.500747025670169" y="-3.680851031097109" width="11.001494051340337" height="7.361702062194218" fill="#eb7532" style="transform:matrix(2.27078, 0, 0, 2.27078, 0, 0);animation-play-state:paused" ></rect></g></g>
<g transform="translate(943.0458635707736 0)" style="transform:matrix(1, 0, 0, 1, 943.046, 0);animation-play-state:paused" ><g class="ld ld-fall" style="transform:matrix3d(-0.0375188, 0.0389835, 0.998535, 0, 0.998535, -0.0375188, 0.0389835, 0, 0.0389835, 0.998535, -0.0375188, 0, 0, 657.477, 0, 1);animation-play-state:paused;animation-duration:4s;animation-delay:-2.20732s" ><rect x="-5.779865156744526" y="-4.418683785538924" width="11.559730313489052" height="8.837367571077849" fill="#d23be7" style="transform:matrix(1.85291, 0, 0, 1.85291, 0, 0);animation-play-state:paused" ></rect></g></g>
<g transform="translate(423.72313288998686 0)" style="transform:matrix(1, 0, 0, 1, 423.723, 0);animation-play-state:paused" ><g class="ld ld-fall" style="transform:matrix3d(0.111525, 0.988695, -0.10022, 0, -0.10022, 0.111525, 0.988695, 0, 0.988695, -0.10022, 0.111525, 0, 0, 914.681, 0, 1);animation-play-state:paused;animation-duration:4s;animation-delay:-3.07012s" ><rect x="-3.3910702492968485" y="-5.566607802578435" width="6.782140498593697" height="11.13321560515687" fill="#f7d038" style="transform:matrix(3.25483, 0, 0, 3.25483, 0, 0);animation-play-state:paused" ></rect></g></g>
<g transform="translate(621.823716540882 0)" style="transform:matrix(1, 0, 0, 1, 621.824, 0);animation-play-state:paused" ><g class="ld ld-fall" style="transform:matrix3d(-0.115991, 0.131481, 0.984509, 0, 0.984509, -0.115991, 0.131481, 0, 0.131481, 0.984509, -0.115991, 0, 0, 1045.02, 0, 1);animation-play-state:paused;animation-duration:4s;animation-delay:-3.50874s" ><rect x="-3.540113844488425" y="-5.048753548412768" width="7.08022768897685" height="10.097507096825536" fill="#34bbe6" style="transform:matrix(1.53509, 0, 0, 1.53509, 0, 0);animation-play-state:paused" ></rect></g></g>
<g transform="translate(879.4478913006885 0)" style="transform:matrix(1, 0, 0, 1, 879.448, 0);animation-play-state:paused" ><g class="ld ld-fall" style="transform:matrix3d(0.992689, 0.0889279, -0.0816164, 0, -0.0816164, 0.992689, 0.0889279, 0, 0.0889279, -0.0816164, 0.992689, 0, 0, 803.366, 0, 1);animation-play-state:paused;animation-duration:4s;animation-delay:-2.69552s" ><rect x="-3.984294205750228" y="-3.590081161059146" width="7.968588411500456" height="7.180162322118292" fill="#34bbe6" style="transform:matrix(2.32563, 0, 0, 2.32563, 0, 0);animation-play-state:paused" ></rect></g></g>
<g transform="translate(280.94725673284773 0)" style="transform:matrix(1, 0, 0, 1, 280.947, 0);animation-play-state:paused" ><g class="ld ld-fall" style="transform:matrix3d(-0.240383, 0.326133, 0.91425, 0, 0.91425, -0.240383, 0.326133, 0, 0.326133, 0.91425, -0.240383, 0, 0, 232.266, 0, 1);animation-play-state:paused;animation-duration:2s;animation-delay:-0.388815s" ><rect x="-3.9572219318867843" y="-3.8192912449258754" width="7.914443863773569" height="7.638582489851751" fill="#4355db" style="transform:matrix(1.5501, 0, 0, 1.5501, 0, 0);animation-play-state:paused" ></rect></g></g>
<g transform="translate(877.2195419231566 0)" style="transform:matrix(1, 0, 0, 1, 877.22, 0);animation-play-state:paused" ><g class="ld ld-fall" style="transform:matrix3d(0.699338, 0.632891, -0.332229, 0, -0.332229, 0.699338, 0.632891, 0, 0.632891, -0.332229, 0.699338, 0, 0, 459.529, 0, 1);animation-play-state:paused;animation-duration:2s;animation-delay:-0.771212s" ><rect x="-3.6283183442616034" y="-4.443912921246904" width="7.256636688523207" height="8.887825842493807" fill="#e6261f" style="transform:matrix(1.62959, 0, 0, 1.62959, 0, 0);animation-play-state:paused" ></rect></g></g>
<g transform="translate(102.4981979150352 0)" style="transform:matrix(1, 0, 0, 1, 102.498, 0);animation-play-state:paused" ><g class="ld ld-fall" style="transform:matrix3d(-0.28289, 0.861751, 0.421139, 0, 0.421139, -0.28289, 0.861751, 0, 0.861751, 0.421139, -0.28289, 0, 0, 173.763, 0, 1);animation-play-state:paused;animation-duration:2s;animation-delay:-0.290626s" ><rect x="-5.925675950760336" y="-4.358120285732147" width="11.851351901520673" height="8.716240571464294" fill="#34bbe6" style="transform:matrix(2.07664, 0, 0, 2.07664, 0, 0);animation-play-state:paused" ></rect></g></g>
<g transform="translate(174.5635332732864 0)" style="transform:matrix(1, 0, 0, 1, 174.564, 0);animation-play-state:paused" ><g class="ld ld-fall" style="transform:matrix3d(-0.32099, 0.771079, 0.549911, 0, 0.549911, -0.32099, 0.771079, 0, 0.771079, 0.549911, -0.32099, 0, 0, 980.323, 0, 1);animation-play-state:paused;animation-duration:2s;animation-delay:-1.64551s" ><rect x="-4.738421945505886" y="-3.931546198301141" width="9.476843891011772" height="7.863092396602282" fill="#f7d038" style="transform:matrix(2.5541, 0, 0, 2.5541, 0, 0);animation-play-state:paused" ></rect></g></g>
<g transform="translate(171.74033680008185 0)" style="transform:matrix(1, 0, 0, 1, 171.74, 0);animation-play-state:paused" ><g class="ld ld-fall" style="transform:matrix3d(0.143429, 0.981716, -0.125145, 0, -0.125145, 0.143429, 0.981716, 0, 0.981716, -0.125145, 0.143429, 0, 0, 911.501, 0, 1);animation-play-state:paused;animation-duration:4s;animation-delay:-3.05942s" ><rect x="-5.873605199230677" y="-5.227696325557182" width="11.747210398461354" height="10.455392651114364" fill="#34bbe6" style="transform:matrix(2.10439, 0, 0, 2.10439, 0, 0);animation-play-state:paused" ></rect></g></g>
<g transform="translate(0.03147750196557997 0)" style="transform:matrix(1, 0, 0, 1, 0.0314775, 0);animation-play-state:paused" ><g class="ld ld-fall" style="transform:matrix3d(0.143369, 0.981731, -0.125099, 0, -0.125099, 0.143369, 0.981731, 0, 0.981731, -0.125099, 0.143369, 0, 0, 911.507, 0, 1);animation-play-state:paused;animation-duration:2s;animation-delay:-1.52972s" ><rect x="-3.2512019812263313" y="-3.416966276672229" width="6.502403962452663" height="6.833932553344458" fill="#f7d038" style="transform:matrix(3.15566, 0, 0, 3.15566, 0, 0);animation-play-state:paused" ></rect></g></g>
<g transform="translate(659.046747777758 0)" style="transform:matrix(1, 0, 0, 1, 659.047, 0);animation-play-state:paused" ><g class="ld ld-fall" style="transform:matrix3d(0.286164, 0.932821, -0.218985, 0, -0.218985, 0.286164, 0.932821, 0, 0.932821, -0.218985, 0.286164, 0, 0, 103.724, 0, 1);animation-play-state:paused;animation-duration:4s;animation-delay:-0.346967s" ><rect x="-5.145480213443925" y="-4.731315684278164" width="10.29096042688785" height="9.462631368556329" fill="#a3e048" style="transform:matrix(1.65405, 0, 0, 1.65405, 0, 0);animation-play-state:paused" ></rect></g></g>
<g transform="translate(242.63319680354314 0)" style="transform:matrix(1, 0, 0, 1, 242.633, 0);animation-play-state:paused" ><g class="ld ld-fall" style="transform:matrix3d(0.938644, 0.272613, -0.211257, 0, -0.211257, 0.938644, 0.272613, 0, 0.272613, -0.211257, 0.938644, 0, 0, 821.32, 0, 1);animation-play-state:paused;animation-duration:2s;animation-delay:-1.37797s" ><rect x="-3.6157012615242166" y="-3.3172391890206594" width="7.231402523048433" height="6.634478378041319" fill="#34bbe6" style="transform:matrix(3.02127, 0, 0, 3.02127, 0, 0);animation-play-state:paused" ></rect></g></g>
<g transform="translate(879.2768952341073 0)" style="transform:matrix(1, 0, 0, 1, 879.277, 0);animation-play-state:paused" ><g class="ld ld-fall" style="transform:matrix3d(-0.307558, 0.49479, 0.812767, 0, 0.812767, -0.307558, 0.49479, 0, 0.49479, 0.812767, -0.307558, 0, 0, 1010.13, 0, 1);animation-play-state:paused;animation-duration:2s;animation-delay:-1.69566s" ><rect x="-5.1783453189919335" y="-5.072250696640121" width="10.356690637983867" height="10.144501393280242" fill="#4355db" style="transform:matrix(2.12544, 0, 0, 2.12544, 0, 0);animation-play-state:paused" ></rect></g></g>
<g transform="translate(784.6944528728088 0)" style="transform:matrix(1, 0, 0, 1, 784.694, 0);animation-play-state:paused" ><g class="ld ld-fall" style="transform:matrix3d(0.181165, 0.971527, -0.152692, 0, -0.152692, 0.181165, 0.971527, 0, 0.971527, -0.152692, 0.181165, 0, 0, 113.8, 0, 1);animation-play-state:paused;animation-duration:2s;animation-delay:-0.190336s" ><rect x="-5.855945322802816" y="-4.223442199396374" width="11.711890645605632" height="8.446884398792749" fill="#a3e048" style="transform:matrix(2.03192, 0, 0, 2.03192, 0, 0);animation-play-state:paused" ></rect></g></g></g></g></svg>